0.353553, 0.353553, 0
0.707107, 0.707107, 0
1.06066, 1.06066, 0
1.41421, 1.41421, 0
1.76777, 1.76777, 0
2.12132, 2.12132, 0
2.47487, 2.47487, 0
2.82843, 2.82843, 0
3.18198, 3.18198, 0
3.53553, 3.53553, 0
3.88909, 3.88909, 0
4.24264, 4.24264, 0
4.59619, 4.59619, 0
4.94975, 4.94975, 0
5.3033, 5.3033, 0
5.65685, 5.65685, 0
6.01041, 6.01041, 0
6.36396, 6.36396, 0
6.71751, 6.71751, 0
7.07107, 7.07107, 0
7.42462, 7.42462, 0
7.77817, 7.77817, 0
8.13173, 8.13173, 0
8.48528, 8.48528, 0
8.83883, 8.83883, 0
9.09096, 8.40706, 0
9.34308, 7.97528, 0
9.59521, 7.5435, 0
9.84733, 7.11172, 0
10.0995, 6.67994, 0
10.3516, 6.24816, 0
10.6037, 5.81638, 0
10.8558, 5.3846, 0
11.108, 4.95282, 0
11.3601, 4.52104, 0
11.6122, 4.08926, 0
11.8643, 3.65748, 0
12.1164, 3.2257, 0
12.3686, 2.79392, 0
12.6207, 2.36215, 0
12.8728, 1.93037, 0
13.1249, 1.49859, 0
13.3771, 1.06681, 0
13.8757, 1.03043, 0
14.3744, 0.994046, 0
14.8731, 0.957666, 0
15.3718, 0.921285, 0
15.8704, 0.884905, 0
16.3691, 0.848524, 0
16.8678, 0.812144, 0
17.3665, 0.775763, 0
17.8651, 0.739383, 0
18.3638, 0.703002, 0
18.8625, 0.666622, 0
19.3612, 0.630241, 0
19.8598, 0.59386, 0
20.3585, 0.55748, 0
20.8572, 0.521099, 0
21.3559, 0.484719, 0
21.8545, 0.448338, 0
22.3532, 0.411958, 0
22.8519, 0.375577, 0
23.3506, 0.339197, 0
23.8492, 0.302816, 0
24.3479, 0.266436, 0
24.8466, 0.230055, 0
25.3453, 0.193675, 0
25.8439, 0.157294, 0
26.3426, 0.120914, 0
26.8413, 0.0845332, 0
26.6731, 0.555393, 0
26.5049, 1.02625, 0
26.3367, 1.49711, 0
26.1685, 1.96797, 0
26.0003, 2.43883, 0
25.8321, 2.90969, 0
25.6639, 3.38055, 0
25.4957, 3.85141, 0
25.3275, 4.32228, 0
25.1593, 4.79314, 0
24.9911, 5.264, 0
24.8229, 5.73486, 0
24.6547, 6.20572, 0
24.4865, 6.67658, 0
24.3183, 7.14744, 0
24.1501, 7.6183, 0
23.9819, 8.08916, 0
23.8137, 8.56002, 0
23.6455, 9.03088, 0
23.4773, 9.50174, 0
23.3091, 9.9726, 0
23.1409, 10.4435, 0
22.9727, 10.9143, 0
22.8045, 11.3852, 0
22.6363, 11.856, 0
22.4681, 12.3269, 0
22.2999, 12.7978, 0
22.787, 12.9105, 0
23.2742, 13.0233, 0
23.7613, 13.1361, 0
24.2484, 13.2489, 0
24.7355, 13.3617, 0
25.2226, 13.4745, 0
25.7097, 13.5873, 0
26.1968, 13.7001, 0
26.684, 13.8128, 0
27.1711, 13.9256, 0
27.6582, 14.0384, 0
28.1453, 14.1512, 0
28.6324, 14.264, 0
29.1195, 14.3768, 0
29.6066, 14.4896, 0
30.0937, 14.6023, 0
30.5809, 14.7151, 0
31.068, 14.8279, 0
31.5551, 14.9407, 0
32.0422, 15.0535, 0
32.5293, 15.1663, 0
33.0164, 15.2791, 0
33.5035, 15.3919, 0
33.9906, 15.5046, 0
34.4778, 15.6174, 0
34.9649, 15.7302, 0
35.452, 15.843, 0
35.9391, 15.9558, 0
36.4262, 16.0686, 0
36.9133, 16.1814, 0
37.4004, 16.2941, 0
37.8876, 16.4069, 0
38.3747, 16.5197, 0
38.8618, 16.6325, 0
39.3489, 16.7453, 0
39.836, 16.8581, 0
40.3231, 16.9709, 0
40.8102, 17.0837, 0
41.2973, 17.1964, 0
41.7845, 17.3092, 0
42.2716, 17.422, 0
42.7587, 17.5348, 0
43.2458, 17.6476, 0
43.7329, 17.7604, 0
44.22, 17.8732, 0
44.7071, 17.986, 0
45.1942, 18.0987, 0
45.6814, 18.2115, 0
46.1685, 18.3243, 0
46.6556, 18.4371, 0
47.1427, 18.5499, 0
47.6298, 18.6627, 0
48.1169, 18.7755, 0
48.604, 18.8882, 0
49.0912, 19.001, 0
49.5783, 19.1138, 0
50.0654, 19.2266, 0
50.5525, 19.3394, 0
51.0396, 19.4522, 0
51.5267, 19.565, 0
52.0138, 19.6778, 0
52.5009, 19.7905, 0
52.9881, 19.9033, 0
53.4752, 20.0161, 0
53.9623, 20.1289, 0
54.4494, 20.2417, 0
54.9365, 20.3545, 0
55.4236, 20.4673, 0
55.9107, 20.58, 0
56.3978, 20.6928, 0
56.885, 20.8056, 0
57.3721, 20.9184, 0
57.8592, 21.0312, 0
58.3463, 21.144, 0
58.8334, 21.2568, 0
59.3205, 21.3696, 0
59.8076, 21.4823, 0
60.2948, 21.5951, 0
60.7819, 21.7079, 0
61.269, 21.8207, 0
61.7561, 21.9335, 0
62.2432, 22.0463, 0
62.7303, 22.1591, 0
63.2174, 22.2718, 0
63.7045, 22.3846, 0
64.1917, 22.4974, 0
64.6788, 22.6102, 0
65.1659, 22.723, 0
65.653, 22.8358, 0
66.1401, 22.9486, 0
66.6272, 23.0614, 0
67.1143, 23.1741, 0
67.6014, 23.2869, 0
68.0886, 23.3997, 0
68.5757, 23.5125, 0
69.0628, 23.6253, 0
69.5499, 23.7381, 0
70.037, 23.8509, 0
70.5241, 23.9637, 0
71.0112, 24.0764, 0
71.4984, 24.1892, 0
71.9855, 24.302, 0
72.4726, 24.4148, 0
72.9597, 24.5276, 0
73.4468, 24.6404, 0
73.9339, 24.7532, 0
