8.97448e-10, 0.5, 0
1.7949e-09, 1, 0
2.69235e-09, 1.5, 0
3.58979e-09, 2, 0
4.48724e-09, 2.5, 0
5.38469e-09, 3, 0
6.28214e-09, 3.5, 0
7.17959e-09, 4, 0
8.07704e-09, 4.5, 0
8.97448e-09, 5, 0
9.87193e-09, 5.5, 0
1.07694e-08, 6, 0
1.16668e-08, 6.5, 0
1.25643e-08, 7, 0
1.34617e-08, 7.5, 0
1.43592e-08, 8, 0
1.52566e-08, 8.5, 0
1.61541e-08, 9, 0
1.70515e-08, 9.5, 0
1.7949e-08, 10, 0
1.88464e-08, 10.5, 0
1.97439e-08, 11, 0
2.06413e-08, 11.5, 0
2.15388e-08, 12, 0
2.24362e-08, 12.5, 0
2.33337e-08, 13, 0
0.477145, 12.8506, 0
0.95429, 12.7011, 0
1.43144, 12.5517, 0
1.90858, 12.4022, 0
2.38573, 12.2528, 0
2.86287, 12.1034, 0
3.34002, 11.9539, 0
3.81716, 11.8045, 0
4.29431, 11.655, 0
4.77145, 11.5056, 0
5.2486, 11.3561, 0
5.72574, 11.2067, 0
6.20289, 11.0573, 0
6.68003, 10.9078, 0
7.15718, 10.7584, 0
7.63432, 10.6089, 0
8.11147, 10.4595, 0
8.58861, 10.3101, 0
9.06576, 10.1606, 0
9.43777, 10.4947, 0
9.80979, 10.8288, 0
10.1818, 11.1628, 0
10.5538, 11.4969, 0
10.9258, 11.831, 0
11.2979, 12.165, 0
11.6699, 12.4991, 0
12.0419, 12.8332, 0
12.4139, 13.1672, 0
12.7859, 13.5013, 0
13.158, 13.8354, 0
13.53, 14.1695, 0
13.902, 14.5035, 0
14.274, 14.8376, 0
14.646, 15.1717, 0
15.018, 15.5057, 0
15.3901, 15.8398, 0
15.7621, 16.1739, 0
16.1341, 16.5079, 0
16.5061, 16.842, 0
16.8781, 17.1761, 0
17.2502, 17.5102, 0
17.6222, 17.8442, 0
17.9942, 18.1783, 0
18.3662, 18.5124, 0
18.7382, 18.8464, 0
18.289, 19.0659, 0
17.8397, 19.2854, 0
17.3904, 19.5048, 0
16.9412, 19.7243, 0
16.4919, 19.9437, 0
16.0427, 20.1632, 0
15.5934, 20.3827, 0
15.1441, 20.6021, 0
14.6949, 20.8216, 0
14.2456, 21.0411, 0
13.7963, 21.2605, 0
13.3471, 21.48, 0
12.8978, 21.6995, 0
12.4486, 21.9189, 0
11.9993, 22.1384, 0
11.55, 22.3578, 0
11.1008, 22.5773, 0
10.6515, 22.7968, 0
10.2023, 23.0162, 0
9.75299, 23.2357, 0
9.30373, 23.4552, 0
8.85447, 23.6746, 0
8.40521, 23.8941, 0
7.95595, 24.1135, 0
7.50669, 24.333, 0
7.05742, 24.5525, 0
7.55741, 24.5558, 0
8.0574, 24.5591, 0
8.55739, 24.5623, 0
9.05738, 24.5656, 0
9.55737, 24.5689, 0
10.0574, 24.5722, 0
10.5573, 24.5755, 0
11.0573, 24.5788, 0
11.5573, 24.5821, 0
12.0573, 24.5854, 0
12.5573, 24.5887, 0
13.0573, 24.592, 0
13.5573, 24.5953, 0
14.0573, 24.5986, 0
14.5573, 24.6019, 0
15.0573, 24.6052, 0
15.5572, 24.6085, 0
16.0572, 24.6117, 0
16.5572, 24.615, 0
17.0572, 24.6183, 0
17.5572, 24.6216, 0
18.0572, 24.6249, 0
18.5572, 24.6282, 0
19.0572, 24.6315, 0
19.5572, 24.6348, 0
20.0571, 24.6381, 0
20.5571, 24.6414, 0
21.0571, 24.6447, 0
21.5571, 24.648, 0
22.0571, 24.6513, 0
22.5571, 24.6546, 0
23.0571, 24.6579, 0
23.5571, 24.6612, 0
24.0571, 24.6644, 0
24.557, 24.6677, 0
25.057, 24.671, 0
25.557, 24.6743, 0
26.057, 24.6776, 0
26.557, 24.6809, 0
27.057, 24.6842, 0
27.557, 24.6875, 0
28.057, 24.6908, 0
28.557, 24.6941, 0
29.0569, 24.6974, 0
29.5569, 24.7007, 0
30.0569, 24.704, 0
30.5569, 24.7073, 0
31.0569, 24.7106, 0
31.5569, 24.7138, 0
32.0569, 24.7171, 0
32.5569, 24.7204, 0
33.0569, 24.7237, 0
33.5568, 24.727, 0
34.0568, 24.7303, 0
34.5568, 24.7336, 0
35.0568, 24.7369, 0
35.5568, 24.7402, 0
36.0568, 24.7435, 0
36.5568, 24.7468, 0
37.0568, 24.7501, 0
37.5568, 24.7534, 0
38.0568, 24.7567, 0
38.5567, 24.76, 0
39.0567, 24.7632, 0
39.5567, 24.7665, 0
40.0567, 24.7698, 0
40.5567, 24.7731, 0
41.0567, 24.7764, 0
41.5567, 24.7797, 0
42.0567, 24.783, 0
42.5567, 24.7863, 0
43.0566, 24.7896, 0
43.5566, 24.7929, 0
44.0566, 24.7962, 0
44.5566, 24.7995, 0
45.0566, 24.8028, 0
45.5566, 24.8061, 0
46.0566, 24.8094, 0
46.5566, 24.8126, 0
47.0566, 24.8159, 0
47.5565, 24.8192, 0
48.0565, 24.8225, 0
48.5565, 24.8258, 0
49.0565, 24.8291, 0
49.5565, 24.8324, 0
50.0565, 24.8357, 0
50.5565, 24.839, 0
51.0565, 24.8423, 0
51.5565, 24.8456, 0
52.0564, 24.8489, 0
52.5564, 24.8522, 0
53.0564, 24.8555, 0
53.5564, 24.8588, 0
54.0564, 24.862, 0
54.5564, 24.8653, 0
55.0564, 24.8686, 0
55.5564, 24.8719, 0
56.0564, 24.8752, 0
56.5563, 24.8785, 0
57.0563, 24.8818, 0
57.5563, 24.8851, 0
58.0563, 24.8884, 0
58.5563, 24.8917, 0
59.0563, 24.895, 0
59.5563, 24.8983, 0
60.0563, 24.9016, 0
60.5563, 24.9049, 0
