-0.353553, 0.353553, 0
-0.707107, 0.707107, 0
-1.06066, 1.06066, 0
-1.41421, 1.41421, 0
-1.76777, 1.76777, 0
-2.12132, 2.12132, 0
-2.47487, 2.47487, 0
-2.82843, 2.82843, 0
-3.18198, 3.18198, 0
-3.53553, 3.53553, 0
-3.88909, 3.88909, 0
-4.24264, 4.24264, 0
-4.59619, 4.59619, 0
-4.94975, 4.94975, 0
-5.3033, 5.3033, 0
-5.65685, 5.65685, 0
-6.01041, 6.01041, 0
-6.36396, 6.36396, 0
-6.71751, 6.71751, 0
-7.07107, 7.07107, 0
-7.42462, 7.42462, 0
-7.77817, 7.77817, 0
-8.13173, 8.13173, 0
-8.48528, 8.48528, 0
-8.83883, 8.83883, 0
-8.40706, 9.09096, 0
-7.97528, 9.34308, 0
-7.5435, 9.59521, 0
-7.11172, 9.84733, 0
-6.67994, 10.0995, 0
-6.24816, 10.3516, 0
-5.81638, 10.6037, 0
-5.3846, 10.8558, 0
-4.95282, 11.108, 0
-4.52104, 11.3601, 0
-4.08926, 11.6122, 0
-3.65748, 11.8643, 0
-3.2257, 12.1164, 0
-2.79392, 12.3686, 0
-2.36215, 12.6207, 0
-1.93037, 12.8728, 0
-1.49859, 13.1249, 0
-1.06681, 13.3771, 0
-1.03043, 13.8757, 0
-0.994046, 14.3744, 0
-0.957666, 14.8731, 0
-0.921285, 15.3718, 0
-0.884905, 15.8704, 0
-0.848524, 16.3691, 0
-0.812144, 16.8678, 0
-0.775763, 17.3665, 0
-0.739382, 17.8651, 0
-0.703002, 18.3638, 0
-0.666621, 18.8625, 0
-0.630241, 19.3612, 0
-0.59386, 19.8598, 0
-0.55748, 20.3585, 0
-0.521099, 20.8572, 0
-0.484719, 21.3559, 0
-0.448338, 21.8545, 0
-0.411958, 22.3532, 0
-0.375577, 22.8519, 0
-0.339197, 23.3506, 0
-0.302816, 23.8492, 0
-0.266436, 24.3479, 0
-0.230055, 24.8466, 0
-0.193675, 25.3453, 0
-0.157294, 25.8439, 0
-0.120914, 26.3426, 0
-0.0845331, 26.8413, 0
-0.555393, 26.6731, 0
-1.02625, 26.5049, 0
-1.49711, 26.3367, 0
-1.96797, 26.1685, 0
-2.43883, 26.0003, 0
-2.90969, 25.8321, 0
-3.38055, 25.6639, 0
-3.85141, 25.4957, 0
-4.32228, 25.3275, 0
-4.79314, 25.1593, 0
-5.264, 24.9911, 0
-5.73486, 24.8229, 0
-6.20572, 24.6547, 0
-6.67658, 24.4865, 0
-7.14744, 24.3183, 0
-7.6183, 24.1501, 0
-8.08916, 23.9819, 0
-8.56002, 23.8137, 0
-9.03088, 23.6455, 0
-9.50174, 23.4773, 0
-9.9726, 23.3091, 0
-10.4435, 23.1409, 0
-10.9143, 22.9727, 0
-11.3852, 22.8045, 0
-11.856, 22.6363, 0
-12.3269, 22.4681, 0
-12.7978, 22.2999, 0
-13.2686, 22.1317, 0
-13.7395, 21.9635, 0
-14.2103, 21.7953, 0
-14.6812, 21.6271, 0
-15.1521, 21.4589, 0
-15.6229, 21.2907, 0
-16.0938, 21.1225, 0
-16.5646, 20.9543, 0
-17.0355, 20.7861, 0
-17.5064, 20.618, 0
-17.9772, 20.4498, 0
-18.4481, 20.2816, 0
-18.9189, 20.1134, 0
-19.2926, 20.4456, 0
-19.6662, 20.7778, 0
-20.0399, 21.1101, 0
-20.4135, 21.4423, 0
-20.7872, 21.7746, 0
-21.1608, 22.1068, 0
-21.5345, 22.4391, 0
-21.9081, 22.7713, 0
-22.2818, 23.1036, 0
-22.6554, 23.4358, 0
-23.0291, 23.7681, 0
-23.4027, 24.1003, 0
-23.7764, 24.4326, 0
-24.15, 24.7648, 0
-24.5237, 25.097, 0
-24.8973, 25.4293, 0
-25.271, 25.7615, 0
-25.6446, 26.0938, 0
-26.0182, 26.426, 0
-26.3919, 26.7583, 0
-26.7655, 27.0905, 0
-27.1392, 27.4228, 0
-27.5128, 27.755, 0
-27.8865, 28.0873, 0
-28.2601, 28.4195, 0
-28.6338, 28.7518, 0
-28.18, 28.9617, 0
-27.7262, 29.1717, 0
-27.2724, 29.3816, 0
-26.8186, 29.5916, 0
-26.3649, 29.8015, 0
-25.9111, 30.0115, 0
-25.4573, 30.2214, 0
-25.0035, 30.4314, 0
-24.5497, 30.6414, 0
-24.096, 30.8513, 0
-23.6422, 31.0613, 0
-23.1884, 31.2712, 0
-22.7346, 31.4812, 0
-22.2808, 31.6911, 0
-21.827, 31.9011, 0
-21.3733, 32.111, 0
-20.9195, 32.321, 0
-20.4657, 32.531, 0
-20.0119, 32.7409, 0
-19.5581, 32.9509, 0
-19.1043, 33.1608, 0
-18.6506, 33.3708, 0
-18.1968, 33.5807, 0
-17.743, 33.7907, 0
-17.2892, 34.0006, 0
-16.8354, 34.2106, 0
-16.3817, 34.4206, 0
-15.9279, 34.6305, 0
-15.4741, 34.8405, 0
-15.0203, 35.0504, 0
-14.5665, 35.2604, 0
-14.1127, 35.4703, 0
-13.659, 35.6803, 0
-13.2052, 35.8902, 0
-12.7514, 36.1002, 0
-12.2976, 36.3102, 0
-11.8438, 36.5201, 0
-11.39, 36.7301, 0
-10.9363, 36.94, 0
-10.4825, 37.15, 0
-10.0287, 37.3599, 0
-9.57491, 37.5699, 0
-9.12113, 37.7798, 0
-8.66735, 37.9898, 0
-8.21356, 38.1998, 0
-7.75978, 38.4097, 0
-7.306, 38.6197, 0
-6.85222, 38.8296, 0
-6.39843, 39.0396, 0
-5.94465, 39.2495, 0
-5.49087, 39.4595, 0
-5.03709, 39.6694, 0
-4.5833, 39.8794, 0
-4.12952, 40.0894, 0
-3.67574, 40.2993, 0
-3.22195, 40.5093, 0
-2.76817, 40.7192, 0
-2.31439, 40.9292, 0
-1.86061, 41.1391, 0
-1.40682, 41.3491, 0
-0.953042, 41.559, 0
-0.920116, 42.058, 0
-0.88719, 42.5569, 0
-0.854263, 43.0558, 0
-0.821337, 43.5547, 0
