-0.5, 1.7949e-09, 0
-1, 3.58979e-09, 0
-1.5, 5.38469e-09, 0
-2, 7.17959e-09, 0
-2.5, 8.97448e-09, 0
-3, 1.07694e-08, 0
-3.5, 1.25643e-08, 0
-4, 1.43592e-08, 0
-4.5, 1.61541e-08, 0
-5, 1.7949e-08, 0
-5.5, 1.97439e-08, 0
-6, 2.15388e-08, 0
-6.5, 2.33337e-08, 0
-7, 2.51286e-08, 0
-7.5, 2.69235e-08, 0
-8, 2.87183e-08, 0
-8.5, 3.05132e-08, 0
-9, 3.23081e-08, 0
-9.5, 3.4103e-08, 0
-10, 3.58979e-08, 0
-10.5, 3.76928e-08, 0
-11, 3.94877e-08, 0
-11.5, 4.12826e-08, 0
-12, 4.30775e-08, 0
-12.5, 4.48724e-08, 0
-13, 4.66673e-08, 0
-12.8506, 0.477145, 0
-12.7011, 0.95429, 0
-12.5517, 1.43144, 0
-12.4022, 1.90858, 0
-12.2528, 2.38573, 0
-12.1034, 2.86287, 0
-11.9539, 3.34002, 0
-11.8045, 3.81716, 0
-11.655, 4.29431, 0
-11.5056, 4.77145, 0
-11.3561, 5.2486, 0
-11.2067, 5.72574, 0
-11.0573, 6.20289, 0
-10.9078, 6.68003, 0
-10.7584, 7.15718, 0
-10.6089, 7.63432, 0
-10.4595, 8.11147, 0
-10.3101, 8.58861, 0
-10.1606, 9.06576, 0
-10.4947, 9.43777, 0
-10.8288, 9.80979, 0
-11.1628, 10.1818, 0
-11.4969, 10.5538, 0
-11.831, 10.9258, 0
-12.165, 11.2979, 0
-12.4991, 11.6699, 0
-12.8332, 12.0419, 0
-13.1672, 12.4139, 0
-13.5013, 12.7859, 0
-13.8354, 13.158, 0
-14.1695, 13.53, 0
-14.5035, 13.902, 0
-14.8376, 14.274, 0
-15.1717, 14.646, 0
-15.5057, 15.018, 0
-15.8398, 15.3901, 0
-16.1739, 15.7621, 0
-16.5079, 16.1341, 0
-16.842, 16.5061, 0
-17.1761, 16.8781, 0
-17.5102, 17.2502, 0
-17.8442, 17.6222, 0
-18.1783, 17.9942, 0
-18.5124, 18.3662, 0
-18.8464, 18.7382, 0
-19.0659, 18.289, 0
-19.2854, 17.8397, 0
-19.5048, 17.3904, 0
-19.7243, 16.9412, 0
-19.9437, 16.4919, 0
-20.1632, 16.0427, 0
-20.3827, 15.5934, 0
-20.6021, 15.1441, 0
-20.8216, 14.6949, 0
-21.0411, 14.2456, 0
-21.2605, 13.7963, 0
-21.48, 13.3471, 0
-21.6995, 12.8978, 0
-21.9189, 12.4486, 0
-22.1384, 11.9993, 0
-22.3578, 11.55, 0
-22.5773, 11.1008, 0
-22.7968, 10.6515, 0
-23.0162, 10.2023, 0
-23.2357, 9.75299, 0
-23.4552, 9.30373, 0
-23.6746, 8.85447, 0
-23.8941, 8.40521, 0
-24.1135, 7.95595, 0
-24.333, 7.50669, 0
-24.5525, 7.05742, 0
-24.7719, 6.60816, 0
-24.9914, 6.1589, 0
-25.2109, 5.70964, 0
-25.4303, 5.26038, 0
-25.6498, 4.81112, 0
-25.8692, 4.36185, 0
-26.0887, 3.91259, 0
-26.3082, 3.46333, 0
-26.5276, 3.01407, 0
-26.7471, 2.56481, 0
-26.9666, 2.11555, 0
-27.186, 1.66628, 0
-27.4055, 1.21702, 0
-27.9038, 1.17547, 0
-28.402, 1.13392, 0
-28.9003, 1.09237, 0
-29.3986, 1.05082, 0
-29.8968, 1.00927, 0
-30.3951, 0.967721, 0
-30.8934, 0.926171, 0
-31.3917, 0.884621, 0
-31.8899, 0.84307, 0
-32.3882, 0.80152, 0
-32.8865, 0.75997, 0
-33.3847, 0.718419, 0
-33.883, 0.676869, 0
-34.3813, 0.635319, 0
-34.8795, 0.593768, 0
-35.3778, 0.552218, 0
-35.8761, 0.510668, 0
-36.3744, 0.469117, 0
-36.8726, 0.427567, 0
-37.3709, 0.386017, 0
-37.8692, 0.344466, 0
-38.3674, 0.302916, 0
-38.8657, 0.261366, 0
-39.364, 0.219815, 0
-39.8623, 0.178265, 0
-40.3605, 0.136715, 0
-40.8588, 0.0951643, 0
-40.6824, 0.563021, 0
-40.506, 1.03088, 0
-40.3297, 1.49874, 0
-40.1533, 1.96659, 0
-39.9769, 2.43445, 0
-39.8005, 2.90231, 0
-39.6241, 3.37016, 0
-39.4478, 3.83802, 0
-39.2714, 4.30588, 0
-39.095, 4.77373, 0
-38.9186, 5.24159, 0
-38.7422, 5.70945, 0
-38.5659, 6.17731, 0
-38.3895, 6.64516, 0
-38.2131, 7.11302, 0
-38.0367, 7.58088, 0
-37.8603, 8.04873, 0
-37.684, 8.51659, 0
-37.5076, 8.98445, 0
-37.3312, 9.4523, 0
-37.1548, 9.92016, 0
-36.9784, 10.388, 0
-36.8021, 10.8559, 0
-36.6257, 11.3237, 0
-36.4493, 11.7916, 0
-36.2729, 12.2594, 0
-36.0965, 12.7273, 0
-35.9202, 13.1952, 0
-35.7438, 13.663, 0
-35.5674, 14.1309, 0
-35.391, 14.5987, 0
-35.2146, 15.0666, 0
-35.0383, 15.5344, 0
-34.8619, 16.0023, 0
-34.6855, 16.4702, 0
-34.5091, 16.938, 0
-34.3327, 17.4059, 0
-34.1564, 17.8737, 0
-33.98, 18.3416, 0
-33.8036, 18.8094, 0
-33.6272, 19.2773, 0
-33.4508, 19.7452, 0
-33.2745, 20.213, 0
-33.0981, 20.6809, 0
-32.9217, 21.1487, 0
-32.7453, 21.6166, 0
-32.5689, 22.0844, 0
-32.3926, 22.5523, 0
-32.2162, 23.0202, 0
-32.0398, 23.488, 0
-31.8634, 23.9559, 0
-31.687, 24.4237, 0
-31.5107, 24.8916, 0
-31.3343, 25.3594, 0
-31.1579, 25.8273, 0
-30.9815, 26.2952, 0
-30.8051, 26.763, 0
-30.6288, 27.2309, 0
-30.4524, 27.6987, 0
-30.276, 28.1666, 0
-30.0996, 28.6344, 0
-30.427, 29.0123, 0
-30.7544, 29.3902, 0
-31.0818, 29.7681, 0
