-0.353553, -0.353553, 0
-0.707107, -0.707107, 0
-1.06066, -1.06066, 0
-1.41421, -1.41421, 0
-1.76777, -1.76777, 0
-2.12132, -2.12132, 0
-2.47487, -2.47487, 0
-2.82843, -2.82843, 0
-3.18198, -3.18198, 0
-3.53553, -3.53553, 0
-3.88909, -3.88909, 0
-4.24264, -4.24264, 0
-4.59619, -4.59619, 0
-4.94975, -4.94975, 0
-5.3033, -5.3033, 0
-5.65685, -5.65685, 0
-6.01041, -6.01041, 0
-6.36396, -6.36396, 0
-6.71751, -6.71751, 0
-7.07107, -7.07107, 0
-7.42462, -7.42462, 0
-7.77817, -7.77817, 0
-8.13173, -8.13173, 0
-8.48528, -8.48528, 0
-8.83883, -8.83883, 0
-9.09096, -8.40706, 0
-9.34308, -7.97528, 0
-9.59521, -7.5435, 0
-9.84733, -7.11172, 0
-10.0995, -6.67994, 0
-10.3516, -6.24816, 0
-10.6037, -5.81638, 0
-10.8558, -5.3846, 0
-11.108, -4.95282, 0
-11.3601, -4.52104, 0
-11.6122, -4.08926, 0
-11.8643, -3.65748, 0
-12.1164, -3.2257, 0
-12.3686, -2.79392, 0
-12.6207, -2.36215, 0
-12.8728, -1.93037, 0
-13.1249, -1.49859, 0
-13.3771, -1.06681, 0
-13.8757, -1.03043, 0
-14.3744, -0.994046, 0
-14.8731, -0.957666, 0
-15.3718, -0.921285, 0
-15.8704, -0.884905, 0
-16.3691, -0.848524, 0
-16.8678, -0.812144, 0
-17.3665, -0.775763, 0
-17.8651, -0.739382, 0
-18.3638, -0.703002, 0
-18.8625, -0.666621, 0
-19.3612, -0.630241, 0
-19.8598, -0.59386, 0
-20.3585, -0.55748, 0
-20.8572, -0.521099, 0
-21.3559, -0.484719, 0
-21.8545, -0.448338, 0
-22.3532, -0.411958, 0
-22.8519, -0.375577, 0
-23.3506, -0.339197, 0
-23.8492, -0.302816, 0
-24.3479, -0.266436, 0
-24.8466, -0.230055, 0
-25.3453, -0.193675, 0
-25.8439, -0.157294, 0
-26.3426, -0.120914, 0
-26.8413, -0.0845331, 0
-26.6731, -0.555393, 0
-26.5049, -1.02625, 0
-26.3367, -1.49711, 0
-26.1685, -1.96797, 0
-26.0003, -2.43883, 0
-25.8321, -2.90969, 0
-25.6639, -3.38055, 0
-25.4957, -3.85141, 0
-25.3275, -4.32227, 0
-25.1593, -4.79314, 0
-24.9911, -5.264, 0
-24.8229, -5.73486, 0
-24.6547, -6.20572, 0
-24.4865, -6.67658, 0
-24.3183, -7.14744, 0
-24.1501, -7.6183, 0
-23.9819, -8.08916, 0
-23.8137, -8.56002, 0
-23.6455, -9.03088, 0
-23.4773, -9.50174, 0
-23.3091, -9.9726, 0
-23.1409, -10.4435, 0
-22.9727, -10.9143, 0
-22.8045, -11.3852, 0
-22.6363, -11.856, 0
-22.4681, -12.3269, 0
-22.2999, -12.7978, 0
-22.1317, -13.2686, 0
-21.9635, -13.7395, 0
-21.7953, -14.2103, 0
-21.6271, -14.6812, 0
-21.4589, -15.1521, 0
-21.2907, -15.6229, 0
-21.1225, -16.0938, 0
-20.9543, -16.5646, 0
-20.7861, -17.0355, 0
-20.618, -17.5064, 0
-20.4498, -17.9772, 0
-20.2816, -18.4481, 0
-20.1134, -18.9189, 0
-20.4456, -19.2926, 0
-20.7778, -19.6662, 0
-21.1101, -20.0399, 0
-21.4423, -20.4135, 0
-21.7746, -20.7872, 0
-22.1068, -21.1608, 0
-22.4391, -21.5345, 0
-22.7713, -21.9081, 0
-23.1036, -22.2818, 0
-23.4358, -22.6554, 0
-23.7681, -23.0291, 0
-24.1003, -23.4027, 0
-24.4326, -23.7764, 0
-24.7648, -24.15, 0
-25.097, -24.5237, 0
-25.4293, -24.8973, 0
-25.7615, -25.271, 0
-26.0938, -25.6446, 0
-26.426, -26.0182, 0
-26.7583, -26.3919, 0
-27.0905, -26.7655, 0
-27.4228, -27.1392, 0
-27.755, -27.5128, 0
-28.0873, -27.8865, 0
-28.4195, -28.2601, 0
-28.7518, -28.6338, 0
-28.9617, -28.18, 0
-29.1717, -27.7262, 0
-29.3816, -27.2724, 0
-29.5916, -26.8186, 0
-29.8015, -26.3649, 0
-30.0115, -25.9111, 0
-30.2214, -25.4573, 0
-30.4314, -25.0035, 0
-30.6414, -24.5497, 0
-30.8513, -24.096, 0
-31.0613, -23.6422, 0
-31.2712, -23.1884, 0
-31.4812, -22.7346, 0
-31.6911, -22.2808, 0
-31.9011, -21.827, 0
-32.111, -21.3733, 0
-32.321, -20.9195, 0
-32.531, -20.4657, 0
-32.7409, -20.0119, 0
-32.9509, -19.5581, 0
-33.1608, -19.1043, 0
-33.3708, -18.6506, 0
-33.5807, -18.1968, 0
-33.7907, -17.743, 0
-34.0006, -17.2892, 0
-34.2106, -16.8354, 0
-34.4206, -16.3817, 0
-34.6305, -15.9279, 0
-34.8405, -15.4741, 0
-35.0504, -15.0203, 0
-35.2604, -14.5665, 0
-35.4703, -14.1127, 0
-35.6803, -13.659, 0
-35.8902, -13.2052, 0
-36.1002, -12.7514, 0
-36.3102, -12.2976, 0
-36.5201, -11.8438, 0
-36.7301, -11.39, 0
-36.94, -10.9363, 0
-37.15, -10.4825, 0
-37.3599, -10.0287, 0
-37.5699, -9.57491, 0
-37.7798, -9.12113, 0
-37.9898, -8.66735, 0
-38.1998, -8.21356, 0
-38.4097, -7.75978, 0
-38.6197, -7.306, 0
-38.8296, -6.85222, 0
-39.0396, -6.39843, 0
-39.2495, -5.94465, 0
-39.4595, -5.49087, 0
-39.6694, -5.03709, 0
-39.8794, -4.5833, 0
-40.0894, -4.12952, 0
-40.2993, -3.67574, 0
-40.5093, -3.22195, 0
-40.7192, -2.76817, 0
-40.9292, -2.31439, 0
-41.1391, -1.86061, 0
-41.3491, -1.40682, 0
-41.559, -0.953042, 0
-42.058, -0.920116, 0
-42.5569, -0.88719, 0
-43.0558, -0.854263, 0
-43.5547, -0.821337, 0
