-2.69234e-09, -0.5, 0
-5.38469e-09, -1, 0
-8.07703e-09, -1.5, 0
-1.07694e-08, -2, 0
-1.34617e-08, -2.5, 0
-1.61541e-08, -3, 0
-1.88464e-08, -3.5, 0
-2.15388e-08, -4, 0
-2.42311e-08, -4.5, 0
-2.69234e-08, -5, 0
-2.96158e-08, -5.5, 0
-3.23081e-08, -6, 0
-3.50005e-08, -6.5, 0
-3.76928e-08, -7, 0
-4.03852e-08, -7.5, 0
-4.30775e-08, -8, 0
-4.57699e-08, -8.5, 0
-4.84622e-08, -9, 0
-5.11545e-08, -9.5, 0
-5.38469e-08, -10, 0
-5.65392e-08, -10.5, 0
-5.92316e-08, -11, 0
-6.19239e-08, -11.5, 0
-6.46163e-08, -12, 0
-6.73086e-08, -12.5, 0
-7.0001e-08, -13, 0
-0.477145, -12.8506, 0
-0.95429, -12.7011, 0
-1.43144, -12.5517, 0
-1.90858, -12.4022, 0
-2.38573, -12.2528, 0
-2.86287, -12.1034, 0
-3.34002, -11.9539, 0
-3.81716, -11.8045, 0
-4.29431, -11.655, 0
-4.77145, -11.5056, 0
-5.2486, -11.3561, 0
-5.72574, -11.2067, 0
-6.20289, -11.0573, 0
-6.68003, -10.9078, 0
-7.15718, -10.7584, 0
-7.63432, -10.6089, 0
-8.11147, -10.4595, 0
-8.58861, -10.3101, 0
-9.06576, -10.1606, 0
-9.43777, -10.4947, 0
-9.80979, -10.8288, 0
-10.1818, -11.1628, 0
-10.5538, -11.4969, 0
-10.9258, -11.831, 0
-11.2979, -12.165, 0
-11.6699, -12.4991, 0
-12.0419, -12.8332, 0
-12.4139, -13.1672, 0
-12.7859, -13.5013, 0
-13.158, -13.8354, 0
-13.53, -14.1695, 0
-13.902, -14.5035, 0
-14.274, -14.8376, 0
-14.646, -15.1717, 0
-15.018, -15.5057, 0
-15.3901, -15.8398, 0
-15.7621, -16.1739, 0
-16.1341, -16.5079, 0
-16.5061, -16.842, 0
-16.8781, -17.1761, 0
-17.2502, -17.5102, 0
-17.6222, -17.8442, 0
-17.9942, -18.1783, 0
-18.3662, -18.5124, 0
-18.7382, -18.8464, 0
-18.289, -19.0659, 0
-17.8397, -19.2854, 0
-17.3904, -19.5048, 0
-16.9412, -19.7243, 0
-16.4919, -19.9437, 0
-16.0427, -20.1632, 0
-15.5934, -20.3827, 0
-15.1441, -20.6021, 0
-14.6949, -20.8216, 0
-14.2456, -21.0411, 0
-13.7963, -21.2605, 0
-13.3471, -21.48, 0
-12.8978, -21.6995, 0
-12.4486, -21.9189, 0
-11.9993, -22.1384, 0
-11.55, -22.3578, 0
-11.1008, -22.5773, 0
-10.6515, -22.7968, 0
-10.2023, -23.0162, 0
-9.75299, -23.2357, 0
-9.30373, -23.4552, 0
-8.85447, -23.6746, 0
-8.40521, -23.8941, 0
-7.95595, -24.1135, 0
-7.50669, -24.333, 0
-7.05742, -24.5525, 0
-6.60816, -24.7719, 0
-6.1589, -24.9914, 0
-5.70964, -25.2109, 0
-5.26038, -25.4303, 0
-4.81112, -25.6498, 0
-4.36185, -25.8692, 0
-3.91259, -26.0887, 0
-3.46333, -26.3082, 0
-3.01407, -26.5276, 0
-2.56481, -26.7471, 0
-2.11555, -26.9666, 0
-1.66628, -27.186, 0
-1.21702, -27.4055, 0
-1.17547, -27.9038, 0
-1.13392, -28.402, 0
-1.09237, -28.9003, 0
-1.05082, -29.3986, 0
-1.00927, -29.8968, 0
-0.967721, -30.3951, 0
-0.926171, -30.8934, 0
-0.884621, -31.3917, 0
-0.84307, -31.8899, 0
-0.80152, -32.3882, 0
-0.75997, -32.8865, 0
-0.718419, -33.3847, 0
-0.676869, -33.883, 0
-0.635319, -34.3813, 0
-0.593768, -34.8795, 0
-0.552218, -35.3778, 0
-0.510668, -35.8761, 0
-0.469117, -36.3744, 0
-0.427567, -36.8726, 0
-0.386017, -37.3709, 0
-0.344466, -37.8692, 0
-0.302916, -38.3674, 0
-0.261366, -38.8657, 0
-0.219815, -39.364, 0
-0.178265, -39.8623, 0
-0.136715, -40.3605, 0
-0.0951644, -40.8588, 0
-0.563021, -40.6824, 0
-1.03088, -40.506, 0
-1.49874, -40.3297, 0
-1.96659, -40.1533, 0
-2.43445, -39.9769, 0
-2.90231, -39.8005, 0
-3.37016, -39.6241, 0
-3.83802, -39.4478, 0
-4.30588, -39.2714, 0
-4.77373, -39.095, 0
-5.24159, -38.9186, 0
-5.70945, -38.7422, 0
-6.17731, -38.5659, 0
-6.64516, -38.3895, 0
-7.11302, -38.2131, 0
-7.58088, -38.0367, 0
-8.04873, -37.8603, 0
-8.51659, -37.684, 0
-8.98445, -37.5076, 0
-9.4523, -37.3312, 0
-9.92016, -37.1548, 0
-10.388, -36.9784, 0
-10.8559, -36.8021, 0
-11.3237, -36.6257, 0
-11.7916, -36.4493, 0
-12.2594, -36.2729, 0
-12.7273, -36.0965, 0
-13.1952, -35.9202, 0
-13.663, -35.7438, 0
-14.1309, -35.5674, 0
-14.5987, -35.391, 0
-15.0666, -35.2146, 0
-15.5344, -35.0383, 0
-16.0023, -34.8619, 0
-16.4702, -34.6855, 0
-16.938, -34.5091, 0
-17.4059, -34.3327, 0
-17.8737, -34.1564, 0
-18.3416, -33.98, 0
-18.8094, -33.8036, 0
-19.2773, -33.6272, 0
-19.7452, -33.4508, 0
-20.213, -33.2745, 0
-20.6809, -33.0981, 0
-21.1487, -32.9217, 0
-21.6166, -32.7453, 0
-22.0844, -32.5689, 0
-22.5523, -32.3926, 0
-23.0202, -32.2162, 0
-23.488, -32.0398, 0
-23.9559, -31.8634, 0
-24.4237, -31.687, 0
-24.8916, -31.5107, 0
-25.3594, -31.3343, 0
-25.8273, -31.1579, 0
-26.2952, -30.9815, 0
-26.763, -30.8051, 0
-27.2309, -30.6288, 0
-27.6987, -30.4524, 0
-28.1666, -30.276, 0
-28.6344, -30.0996, 0
-29.0123, -30.427, 0
-29.3902, -30.7544, 0
-29.7681, -31.0818, 0
