0.353553, -0.353553, 0
0.707107, -0.707107, 0
1.06066, -1.06066, 0
1.41421, -1.41421, 0
1.76777, -1.76777, 0
2.12132, -2.12132, 0
2.47487, -2.47487, 0
2.82843, -2.82843, 0
3.18198, -3.18198, 0
3.53553, -3.53553, 0
3.88909, -3.88909, 0
4.24264, -4.24264, 0
4.59619, -4.59619, 0
4.94975, -4.94975, 0
5.3033, -5.3033, 0
5.65685, -5.65685, 0
6.01041, -6.01041, 0
6.36396, -6.36396, 0
6.71751, -6.71751, 0
7.07107, -7.07107, 0
7.42462, -7.42462, 0
7.77817, -7.77817, 0
8.13173, -8.13173, 0
8.48528, -8.48528, 0
8.83883, -8.83883, 0
8.40706, -9.09096, 0
7.97528, -9.34308, 0
7.5435, -9.59521, 0
7.11172, -9.84733, 0
6.67994, -10.0995, 0
6.24816, -10.3516, 0
5.81638, -10.6037, 0
5.3846, -10.8558, 0
4.95282, -11.108, 0
4.52104, -11.3601, 0
4.08926, -11.6122, 0
3.65748, -11.8643, 0
3.2257, -12.1164, 0
2.79392, -12.3686, 0
2.36215, -12.6207, 0
1.93037, -12.8728, 0
1.49859, -13.1249, 0
1.06681, -13.3771, 0
1.03043, -13.8757, 0
0.994046, -14.3744, 0
0.957666, -14.8731, 0
0.921285, -15.3718, 0
0.884905, -15.8704, 0
0.848524, -16.3691, 0
0.812144, -16.8678, 0
0.775763, -17.3665, 0
0.739382, -17.8651, 0
0.703002, -18.3638, 0
0.666621, -18.8625, 0
0.630241, -19.3612, 0
0.59386, -19.8598, 0
0.55748, -20.3585, 0
0.521099, -20.8572, 0
0.484719, -21.3559, 0
0.448338, -21.8545, 0
0.411958, -22.3532, 0
0.375577, -22.8519, 0
0.339197, -23.3506, 0
0.302816, -23.8492, 0
0.266436, -24.3479, 0
0.230055, -24.8466, 0
0.193675, -25.3453, 0
0.157294, -25.8439, 0
0.120914, -26.3426, 0
0.084533, -26.8413, 0
0.555393, -26.6731, 0
1.02625, -26.5049, 0
1.49711, -26.3367, 0
1.96797, -26.1685, 0
2.43883, -26.0003, 0
2.90969, -25.8321, 0
3.38055, -25.6639, 0
3.85141, -25.4957, 0
4.32227, -25.3275, 0
4.79314, -25.1593, 0
5.264, -24.9911, 0
5.73486, -24.8229, 0
6.20572, -24.6547, 0
6.67658, -24.4865, 0
7.14744, -24.3183, 0
7.6183, -24.1501, 0
8.08916, -23.9819, 0
8.56002, -23.8137, 0
9.03088, -23.6455, 0
9.50174, -23.4773, 0
9.9726, -23.3091, 0
10.4435, -23.1409, 0
10.9143, -22.9727, 0
11.3852, -22.8045, 0
11.856, -22.6363, 0
12.3269, -22.4681, 0
12.7978, -22.2999, 0
13.1958, -21.9973, 0
13.5938, -21.6946, 0
13.9918, -21.392, 0
14.3898, -21.0893, 0
14.7878, -20.7867, 0
15.1858, -20.484, 0
15.5838, -20.1814, 0
15.9818, -19.8787, 0
16.3798, -19.5761, 0
16.7778, -19.2735, 0
17.1758, -18.9708, 0
17.5738, -18.6682, 0
17.9718, -18.3655, 0
18.3698, -18.0629, 0
18.7678, -17.7602, 0
19.1658, -17.4576, 0
19.5638, -17.1549, 0
19.9618, -16.8523, 0
20.3598, -16.5496, 0
20.7578, -16.247, 0
21.1558, -15.9443, 0
21.5538, -15.6417, 0
21.9518, -15.339, 0
22.3498, -15.0364, 0
22.7478, -14.7337, 0
23.1458, -14.4311, 0
23.5438, -14.1284, 0
23.9418, -13.8258, 0
24.3398, -13.5231, 0
24.7378, -13.2205, 0
25.1358, -12.9178, 0
25.5338, -12.6152, 0
25.9318, -12.3125, 0
26.3298, -12.0099, 0
26.7278, -11.7073, 0
27.1258, -11.4046, 0
27.5238, -11.102, 0
27.9218, -10.7993, 0
28.3198, -10.4967, 0
28.7178, -10.194, 0
29.1158, -9.89137, 0
29.5138, -9.58872, 0
29.9118, -9.28607, 0
30.3098, -8.98342, 0
30.7078, -8.68077, 0
31.1058, -8.37813, 0
31.5038, -8.07548, 0
31.9018, -7.77283, 0
32.2998, -7.47018, 0
32.6978, -7.16753, 0
33.0958, -6.86489, 0
33.4938, -6.56224, 0
33.8918, -6.25959, 0
34.2898, -5.95694, 0
34.6878, -5.65429, 0
35.0858, -5.35164, 0
35.4838, -5.049, 0
35.8818, -4.74635, 0
36.2798, -4.4437, 0
36.6778, -4.14105, 0
37.0758, -3.8384, 0
37.4738, -3.53576, 0
37.8718, -3.23311, 0
38.2698, -2.93046, 0
38.6678, -2.62781, 0
39.0658, -2.32516, 0
39.4638, -2.02252, 0
39.8618, -1.71987, 0
40.2598, -1.41722, 0
40.6578, -1.11457, 0
41.0558, -0.811925, 0
41.4538, -0.509277, 0
41.8518, -0.206629, 0
42.2498, 0.0960194, 0
42.6478, 0.398667, 0
43.0458, 0.701315, 0
43.4438, 1.00396, 0
43.8418, 1.30661, 0
44.2398, 1.60926, 0
44.6378, 1.91191, 0
45.0358, 2.21456, 0
45.4338, 2.5172, 0
45.8318, 2.81985, 0
46.2298, 3.1225, 0
46.6278, 3.42515, 0
47.0258, 3.7278, 0
47.4238, 4.03044, 0
47.8218, 4.33309, 0
48.2198, 4.63574, 0
48.6178, 4.93839, 0
49.0158, 5.24104, 0
49.4138, 5.54368, 0
49.8118, 5.84633, 0
50.2098, 6.14898, 0
50.6078, 6.45163, 0
51.0058, 6.75428, 0
51.4038, 7.05692, 0
51.8018, 7.35957, 0
52.1998, 7.66222, 0
52.5978, 7.96487, 0
52.9958, 8.26752, 0
53.3938, 8.57016, 0
53.7918, 8.87281, 0
54.1898, 9.17546, 0
