0.5, -3.58979e-09, 0
1, -7.17959e-09, 0
1.5, -1.07694e-08, 0
2, -1.43592e-08, 0
2.5, -1.7949e-08, 0
3, -2.15388e-08, 0
3.5, -2.51286e-08, 0
4, -2.87183e-08, 0
4.5, -3.23081e-08, 0
5, -3.58979e-08, 0
5.5, -3.94877e-08, 0
6, -4.30775e-08, 0
6.5, -4.66673e-08, 0
7, -5.02571e-08, 0
7.5, -5.38469e-08, 0
8, -5.74367e-08, 0
8.5, -6.10265e-08, 0
9, -6.46163e-08, 0
9.5, -6.82061e-08, 0
10, -7.17959e-08, 0
10.5, -7.53857e-08, 0
11, -7.89755e-08, 0
11.5, -8.25652e-08, 0
12, -8.6155e-08, 0
12.5, -8.97448e-08, 0
13, -9.33346e-08, 0
12.8506, -0.477145, 0
12.7011, -0.95429, 0
12.5517, -1.43144, 0
12.4022, -1.90858, 0
12.2528, -2.38573, 0
12.1034, -2.86287, 0
11.9539, -3.34002, 0
11.8045, -3.81716, 0
11.655, -4.29431, 0
11.5056, -4.77145, 0
11.3561, -5.2486, 0
11.2067, -5.72574, 0
11.0573, -6.20289, 0
10.9078, -6.68003, 0
10.7584, -7.15718, 0
10.6089, -7.63432, 0
10.4595, -8.11147, 0
10.3101, -8.58861, 0
10.1606, -9.06576, 0
10.4947, -9.43777, 0
10.8288, -9.80979, 0
11.1628, -10.1818, 0
11.4969, -10.5538, 0
11.831, -10.9258, 0
12.165, -11.2979, 0
12.4991, -11.6699, 0
12.8332, -12.0419, 0
13.1672, -12.4139, 0
13.5013, -12.7859, 0
13.8354, -13.158, 0
14.1695, -13.53, 0
14.5035, -13.902, 0
14.8376, -14.274, 0
15.1717, -14.646, 0
15.5057, -15.018, 0
15.8398, -15.3901, 0
16.1739, -15.7621, 0
16.5079, -16.1341, 0
16.842, -16.5061, 0
17.1761, -16.8781, 0
17.5102, -17.2502, 0
17.8442, -17.6222, 0
18.1783, -17.9942, 0
18.5124, -18.3662, 0
18.8464, -18.7382, 0
19.0659, -18.289, 0
19.2854, -17.8397, 0
19.5048, -17.3904, 0
19.7243, -16.9412, 0
19.9437, -16.4919, 0
20.1632, -16.0427, 0
20.3827, -15.5934, 0
20.6021, -15.1441, 0
20.8216, -14.6949, 0
21.0411, -14.2456, 0
21.2605, -13.7963, 0
21.48, -13.3471, 0
21.6995, -12.8978, 0
21.9189, -12.4486, 0
22.1384, -11.9993, 0
22.3578, -11.55, 0
22.5773, -11.1008, 0
22.7968, -10.6515, 0
23.0162, -10.2023, 0
23.2357, -9.75299, 0
23.4552, -9.30373, 0
23.6746, -8.85447, 0
23.8941, -8.40521, 0
24.1135, -7.95595, 0
24.333, -7.50669, 0
24.5525, -7.05742, 0
24.9745, -6.78926, 0
25.3965, -6.52109, 0
25.8185, -6.25292, 0
26.2405, -5.98476, 0
26.6625, -5.71659, 0
27.0845, -5.44843, 0
27.5065, -5.18026, 0
27.9285, -4.91209, 0
28.3505, -4.64393, 0
28.7725, -4.37576, 0
29.1945, -4.10759, 0
29.6165, -3.83943, 0
30.0385, -3.57126, 0
30.4605, -3.30309, 0
30.8825, -3.03493, 0
31.3045, -2.76676, 0
31.7265, -2.49859, 0
32.1485, -2.23043, 0
32.5705, -1.96226, 0
32.9925, -1.69409, 0
33.4145, -1.42593, 0
33.8365, -1.15776, 0
34.2585, -0.889595, 0
34.6805, -0.621429, 0
35.1025, -0.353262, 0
35.5246, -0.0850956, 0
35.9466, 0.183071, 0
36.3686, 0.451237, 0
36.7906, 0.719404, 0
37.2126, 0.98757, 0
37.6346, 1.25574, 0
38.0566, 1.5239, 0
38.4786, 1.79207, 0
38.9006, 2.06024, 0
39.3226, 2.3284, 0
39.7446, 2.59657, 0
40.1666, 2.86474, 0
40.5886, 3.1329, 0
41.0106, 3.40107, 0
41.4326, 3.66924, 0
41.8546, 3.9374, 0
42.2766, 4.20557, 0
42.6986, 4.47373, 0
43.1206, 4.7419, 0
43.5426, 5.01007, 0
43.9646, 5.27823, 0
44.3866, 5.5464, 0
44.8086, 5.81457, 0
45.2306, 6.08273, 0
45.6526, 6.3509, 0
46.0746, 6.61907, 0
46.4966, 6.88723, 0
46.9186, 7.1554, 0
47.3406, 7.42357, 0
47.7626, 7.69173, 0
48.1847, 7.9599, 0
48.6067, 8.22807, 0
49.0287, 8.49623, 0
49.4507, 8.7644, 0
49.8727, 9.03256, 0
50.2947, 9.30073, 0
50.7167, 9.5689, 0
51.1387, 9.83706, 0
51.5607, 10.1052, 0
51.9827, 10.3734, 0
52.4047, 10.6416, 0
52.8267, 10.9097, 0
53.2487, 11.1779, 0
53.6707, 11.4461, 0
54.0927, 11.7142, 0
54.5147, 11.9824, 0
54.9367, 12.2506, 0
55.3587, 12.5187, 0
55.7807, 12.7869, 0
56.2027, 13.0551, 0
56.6247, 13.3232, 0
57.0467, 13.5914, 0
57.4687, 13.8596, 0
57.8907, 14.1277, 0
58.3127, 14.3959, 0
58.7347, 14.6641, 0
59.1567, 14.9322, 0
59.5787, 15.2004, 0
60.0007, 15.4686, 0
60.4227, 15.7367, 0
60.8447, 16.0049, 0
61.2668, 16.2731, 0
61.6888, 16.5412, 0
62.1108, 16.8094, 0
62.5328, 17.0776, 0
62.9548, 17.3457, 0
63.3768, 17.6139, 0
63.7988, 17.8821, 0
64.2208, 18.1502, 0
64.6428, 18.4184, 0
65.0648, 18.6866, 0
65.4868, 18.9547, 0
65.9088, 19.2229, 0
66.3308, 19.4911, 0
66.7528, 19.7592, 0
67.1748, 20.0274, 0
67.5968, 20.2956, 0
68.0188, 20.5637, 0
68.4408, 20.8319, 0
